0,1
0,2
0,3
0,4
0,5
0,6
0,7
0,8
0,9
0,10
0,11
0,12
0,13
0,14
0,15
16,0
14,17
14,17
14,17
14,17
1,18
1,19
1,20
1,21
1,22
1,23
1,24
1,25
1,26
1,27
1,28
1,29
1,30
1,31
1,32
1,33
1,34
1,35
1,36
1,37
1,38
1,39
1,40
1,41
1,42
1,43
1,44
1,45
1,46
1,47
1,48
26,49
26,49
26,50
26,49
26,50
26,50
37,51
37,52
37,51
37,51
37,52
37,52
22,53
22,53
22,54
22,53
22,54
22,54
43,55
43,56
43,56
43,55
43,56
43,55
32,57
32,57
32,57
32,58
32,58
32,58
25,59
25,59
25,60
25,60
25,59
25,60
33,61
33,61
33,62
33,62
33,61
33,62
35,63
35,63
35,64
35,64
35,64
35,63
34,65
34,66
34,66
34,66
34,65
34,65
20,67
20,67
20,68
20,68
20,68
20,67
29,69
29,69
29,70
29,70
29,69
29,70
40,71
40,71
40,72
40,72
40,71
40,72
24,73
24,74
24,74
24,74
24,73
24,73
27,75
27,75
27,75
27,76
27,76
27,76
38,77
38,77
38,78
38,78
38,77
38,78
45,79
45,80
45,80
45,80
45,79
45,79
23,81
23,82
23,81
23,81
23,82
23,82
31,83
31,84
31,84
31,84
31,83
31,83
47,85
47,85
47,85
47,86
47,86
47,86
30,87
30,88
30,87
30,88
30,88
30,87
18,89
18,89
18,90
18,89
18,90
18,90
46,91
46,92
46,91
46,92
46,91
46,92
28,93
28,94
28,93
28,94
28,94
28,93
39,95
39,95
39,96
39,96
39,95
39,96
21,97
21,97
21,97
21,98
21,98
21,98
41,99
41,99
41,99
41,100
41,100
41,100
44,101
44,101
44,102
44,102
44,101
44,102
42,103
42,103
42,104
42,104
42,104
42,103
19,105
19,105
19,105
19,106
19,106
19,106
36,107
36,107
36,108
36,108
36,107
36,108
48,109
48,109
48,110
48,110
48,109
48,110
12,111
12,112
12,113
12,114
12,115
12,116
12,117
12,118
12,119
12,120
12,121
12,122
12,123
12,124
12,125
12,126
12,127
12,128
12,129
12,130
12,131
12,132
12,133
12,134
12,135
12,136
12,137
12,138
115,139
115,140
115,140
115,139
115,140
115,139
121,141
121,142
121,142
121,141
121,141
121,142
113,143
113,143
113,144
113,144
113,143
113,144
128,145
128,146
128,145
128,146
128,146
128,145
119,147
119,147
119,148
119,147
119,148
119,148
114,149
114,150
114,150
114,149
114,150
114,149
130,151
130,151
130,151
130,152
130,152
130,152
137,153
137,153
137,154
137,154
137,154
137,153
129,155
129,155
129,156
129,155
129,156
129,156
125,157
125,158
125,158
125,157
125,157
125,158
116,159
116,159
116,160
116,160
116,159
116,160
124,161
124,162
124,162
124,162
124,161
124,161
134,163
134,163
134,163
134,164
134,164
134,164
133,165
133,166
133,166
133,166
133,165
133,165
131,167
131,167
131,167
131,168
131,168
131,168
120,169
120,170
120,169
120,170
120,170
120,169
118,171
118,172
118,172
118,171
118,172
118,171
111,173
111,174
111,174
111,173
111,174
111,173
127,175
127,175
127,176
127,175
127,176
127,176
136,177
136,178
136,177
136,177
136,178
136,178
122,179
122,180
122,179
122,180
122,180
122,179
112,181
112,182
112,182
112,181
112,181
112,182
126,183
126,184
126,183
126,184
126,183
126,184
138,185
138,186
138,185
138,186
138,185
138,186
117,187
117,188
117,188
117,187
117,188
117,187
135,189
135,189
135,190
135,190
135,189
135,190
123,191
123,191
123,192
123,192
123,191
123,192
132,193
132,193
132,193
132,194
132,194
132,194
9,195
9,196
9,197
9,198
9,199
9,200
9,201
9,202
9,203
9,204
9,205
9,206
9,207
9,208
9,209
9,210
9,211
9,212
9,213
9,214
9,215
9,216
9,217
9,218
9,219
9,220
9,221
9,222
9,223
9,224
9,225
215,226
215,226
215,227
215,227
215,227
215,226
203,228
203,229
203,228
203,229
203,228
203,229
219,230
219,230
219,231
219,231
219,230
219,231
209,232
209,232
209,233
209,233
209,232
209,233
211,234
211,235
211,235
211,234
211,235
211,234
199,236
199,237
199,237
199,236
199,237
199,236
195,238
195,239
195,239
195,238
195,238
195,239
221,240
221,240
221,240
221,241
221,241
221,241
205,242
205,242
205,242
205,243
205,243
205,243
225,244
225,245
225,244
225,244
225,245
225,245
213,246
213,246
213,246
213,247
213,247
213,247
214,248
214,249
214,248
214,249
214,248
214,249
208,250
208,251
208,250
208,251
208,250
208,251
197,252
197,253
197,253
197,252
197,253
197,252
224,254
224,254
224,255
224,255
224,255
224,254
216,256
216,257
216,256
216,257
216,257
216,256
202,258
202,258
202,258
202,259
202,259
202,259
207,260
207,261
207,260
207,260
207,261
207,261
201,262
201,262
201,263
201,263
201,262
201,263
217,264
217,265
217,265
217,264
217,264
217,265
196,266
196,266
196,267
196,267
196,266
196,267
222,268
222,268
222,269
222,269
222,268
222,269
204,270
204,270
204,271
204,270
204,271
204,271
212,272
212,273
212,272
212,273
212,272
212,227
206,274
206,275
206,274
206,275
206,274
206,275
220,276
220,276
220,276
220,277
220,277
220,277
198,278
198,278
198,278
198,279
198,279
198,279
210,280
210,281
210,280
210,280
210,281
210,281
200,282
200,283
200,283
200,283
200,282
200,282
218,284
218,284
218,285
218,285
218,284
218,285
223,286
223,287
223,286
223,287
223,286
223,287
3,288
3,289
3,290
3,291
3,292
3,293
3,294
3,295
3,296
3,297
3,298
3,299
3,300
3,301
3,302
3,303
3,304
3,305
3,306
3,307
3,308
3,309
3,310
3,311
3,312
3,313
3,314
3,315
3,316
3,317
302,318
302,319
302,318
302,318
302,319
302,319
291,320
291,320
291,320
291,321
291,321
291,321
314,322
314,322
314,322
314,323
314,323
314,323
316,324
316,325
316,324
316,324
316,325
316,325
305,326
305,326
305,327
305,326
305,327
305,327
317,328
317,328
317,329
317,329
317,328
317,329
315,330
315,331
315,330
315,331
315,330
315,331
307,332
307,333
307,333
307,332
307,333
307,332
294,334
294,335
294,334
294,335
294,334
294,335
309,336
309,336
309,336
309,337
309,337
309,337
297,338
297,338
297,339
297,339
297,339
297,338
304,340
304,340
304,340
304,341
304,341
304,341
300,342
300,343
300,342
300,343
300,342
300,343
289,344
289,344
289,345
289,345
289,344
289,345
290,346
290,347
290,346
290,346
290,347
290,347
299,348
299,349
299,348
299,348
299,349
299,349
308,350
308,351
308,350
308,350
308,351
308,351
306,352
306,353
306,352
306,353
306,353
306,352
301,354
301,355
301,354
301,355
301,355
301,354
303,356
303,357
303,357
303,357
303,356
303,356
298,358
298,359
298,358
298,359
298,359
298,358
295,360
295,361
295,361
295,360
295,361
295,360
293,362
293,362
293,363
293,363
293,362
293,363
296,364
296,364
296,365
296,365
296,365
296,364
310,366
310,366
310,367
310,367
310,366
310,367
288,368
288,369
288,368
288,368
288,369
288,369
312,370
312,370
312,370
312,371
312,371
312,371
292,372
292,373
292,373
292,372
292,373
292,372
311,374
311,375
311,375
311,375
311,374
311,374
313,376
313,377
313,376
313,377
313,377
313,376
11,378
11,379
11,380
11,381
11,382
11,383
11,384
11,385
11,386
11,387
11,388
11,389
11,390
11,391
11,392
11,393
11,394
11,395
11,396
11,397
11,398
11,399
11,400
11,401
11,402
11,403
11,404
11,405
11,406
11,407
11,408
392,409
392,409
392,410
392,410
392,410
392,409
395,411
395,412
395,411
395,412
395,411
395,412
381,413
381,414
381,414
381,413
381,413
381,414
405,415
405,416
405,415
405,416
405,416
405,415
396,417
396,418
396,417
396,418
396,417
396,418
401,419
401,420
401,420
401,419
401,420
401,419
384,421
384,422
384,421
384,422
384,421
384,422
389,423
389,424
389,424
389,423
389,423
389,424
404,425
404,425
404,426
404,425
404,426
404,426
388,427
388,428
388,427
388,427
388,428
388,428
406,429
406,429
406,430
406,430
406,429
406,430
408,431
408,432
408,432
408,432
408,431
408,431
391,433
391,433
391,434
391,434
391,433
391,434
394,435
394,436
394,435
394,436
394,435
394,436
397,437
397,438
397,437
397,438
397,437
397,438
407,439
407,440
407,439
407,440
407,440
407,439
390,441
390,442
390,442
390,441
390,441
390,442
393,443
393,444
393,444
393,443
393,443
393,444
386,445
386,445
386,446
386,446
386,446
386,445
387,447
387,448
387,447
387,447
387,448
387,448
385,449
385,449
385,450
385,450
385,450
385,449
402,451
402,452
402,451
402,452
402,452
402,451
403,453
403,453
403,454
403,454
403,454
403,453
378,455
378,455
378,456
378,455
378,456
378,456
379,457
379,457
379,457
379,458
379,458
379,458
399,459
399,459
399,459
399,460
399,460
399,460
382,461
382,462
382,461
382,462
382,462
382,461
383,463
383,464
383,463
383,464
383,464
383,463
400,465
400,465
400,466
400,466
400,465
400,466
398,467
398,467
398,468
398,467
398,468
398,468
380,469
380,469
380,469
7,470
7,471
7,472
7,473
7,474
7,475
7,476
7,477
7,478
7,479
7,480
7,481
7,482
7,483
7,484
7,485
7,486
7,487
7,488
7,489
7,490
7,491
7,492
7,493
7,494
7,495
7,496
7,497
7,498
7,499
487,500
487,501
487,500
487,501
487,501
487,500
470,502
470,503
470,502
470,502
470,503
470,503
477,504
477,505
477,504
477,505
477,505
477,504
484,506
484,506
484,507
484,507
484,507
484,506
499,508
499,509
499,508
499,508
499,509
499,509
493,510
493,511
493,511
493,511
493,510
493,510
498,512
498,513
498,513
498,513
498,512
498,512
482,514
482,515
482,515
482,514
482,515
482,514
494,516
494,516
494,517
494,516
494,517
494,517
474,518
474,519
474,518
474,518
474,519
474,519
496,520
496,520
496,520
496,521
496,521
496,521
486,522
486,523
486,523
486,522
486,523
486,522
472,524
472,525
472,524
472,525
472,524
472,525
479,526
479,527
479,526
479,527
479,526
479,527
497,528
497,529
497,528
497,528
497,529
497,529
483,530
483,531
483,530
483,531
483,531
483,530
490,532
490,532
490,533
490,533
490,532
490,533
481,534
481,534
481,535
481,535
481,535
481,534
491,536
491,537
491,536
491,537
491,537
491,536
489,538
489,539
489,539
489,539
489,538
489,538
480,540
480,541
480,541
480,540
480,540
480,541
476,542
476,543
476,542
476,543
476,542
476,543
473,544
473,545
473,544
473,545
473,545
473,544
488,546
488,546
488,547
488,546
488,547
488,547
485,548
485,548
485,548
485,549
485,549
485,549
492,550
492,550
492,551
492,551
492,550
492,551
478,552
478,552
478,553
478,552
478,553
478,553
475,554
475,555
475,554
475,555
475,554
475,555
495,556
495,556
495,556
495,557
495,557
495,557
471,558
471,559
471,558
471,559
471,559
471,558
4,560
4,561
4,562
4,563
4,564
4,565
4,566
4,567
4,568
4,569
4,570
4,571
4,572
4,573
4,574
4,575
4,576
4,577
4,578
4,579
4,580
4,581
4,582
4,583
4,584
4,585
4,586
4,587
4,588
4,589
4,590
590,591
590,591
590,591
590,592
590,592
590,592
566,593
566,594
566,593
566,593
566,594
566,594
589,595
589,596
589,595
589,596
589,596
589,595
587,597
587,597
587,597
587,598
587,598
587,598
578,599
578,600
578,600
578,599
578,599
578,600
585,601
585,602
585,601
585,602
585,602
585,601
583,603
583,604
583,603
583,604
583,603
583,604
577,605
577,605
577,605
577,606
577,606
577,606
562,607
562,608
562,608
562,608
562,607
562,607
581,609
581,609
581,610
581,609
581,610
581,610
586,611
586,612
586,611
586,612
586,612
586,611
563,613
563,613
563,614
563,613
563,614
563,614
579,615
579,615
579,616
579,615
579,616
579,616
560,617
560,618
560,618
560,617
560,618
560,617
567,619
567,619
567,620
567,619
567,620
567,620
570,621
570,622
570,622
570,621
570,621
570,622
568,623
568,623
568,624
568,623
568,624
568,624
561,625
561,626
561,625
561,625
561,626
561,626
571,627
571,628
571,628
571,627
571,628
571,627
584,629
584,630
584,629
584,629
584,630
584,630
573,631
573,632
573,631
573,632
573,632
573,631
572,633
572,634
572,633
572,633
572,634
572,634
582,635
582,635
582,636
582,636
582,635
582,636
575,637
575,637
575,638
575,638
575,638
575,637
569,639
569,640
569,639
569,640
569,639
569,640
588,641
588,642
588,641
588,641
588,642
588,642
576,643
576,644
576,643
576,644
576,643
576,644
574,645
574,646
574,646
574,646
574,645
574,645
564,647
564,648
564,647
564,648
564,647
564,648
565,649
565,650
565,649
565,649
565,650
565,650
580,651
580,652
580,651
580,652
580,652
580,651
5,653
5,654
5,655
5,656
5,657
5,658
5,659
5,660
5,661
5,662
5,663
5,664
5,665
5,666
5,667
5,668
5,669
5,670
5,671
5,672
5,673
5,674
5,675
5,676
5,677
5,678
5,679
5,680
5,681
5,682
5,683
653,684
653,685
653,684
653,684
653,685
653,685
677,686
677,687
677,687
677,686
677,686
677,687
678,688
678,688
678,689
678,689
678,688
678,689
669,690
669,691
669,691
669,690
669,691
669,690
676,692
676,692
676,692
676,693
676,693
676,693
665,694
665,695
665,694
665,695
665,694
665,695
658,696
658,696
658,697
658,697
658,696
658,697
654,698
654,699
654,698
654,699
654,698
654,699
661,700
661,700
661,700
661,701
661,701
661,701
681,702
681,702
681,702
681,703
681,703
681,703
664,704
664,704
664,704
664,705
664,705
664,705
662,706
662,707
662,707
662,707
662,706
662,706
675,708
675,709
675,709
675,708
675,708
675,709
659,710
659,710
659,711
659,711
659,710
659,711
663,712
663,712
663,712
663,713
663,713
663,713
667,714
667,714
667,714
667,715
667,715
667,715
673,716
673,717
673,716
673,716
673,717
673,717
674,718
674,719
674,718
674,719
674,718
674,719
657,720
657,720
657,721
657,720
657,721
657,721
672,722
672,723
672,722
672,722
672,723
672,723
660,724
660,725
660,725
660,724
660,724
660,725
668,726
668,727
668,727
668,727
668,726
668,726
682,728
682,729
682,728
682,728
682,729
682,729
679,730
679,731
679,730
679,731
679,730
679,731
655,732
655,732
655,733
655,733
655,732
655,733
671,734
671,734
671,735
671,735
671,735
671,734
680,736
680,737
680,736
680,736
680,737
680,737
656,738
656,738
656,738
656,739
656,739
656,739
670,740
670,741
670,740
670,740
670,741
670,741
666,742
666,743
666,743
666,742
666,742
666,743
683,744
683,744
683,745
683,744
683,745
683,745
8,746
8,747
8,748
8,749
8,750
8,751
8,752
8,753
8,754
8,755
8,756
8,757
8,758
8,759
8,760
8,761
8,762
8,763
8,764
8,765
8,766
8,767
8,768
8,769
8,770
8,771
8,772
8,773
8,774
8,775
761,776
761,776
761,777
761,776
761,777
761,777
746,778
746,779
746,779
746,778
746,778
746,779
752,780
752,780
752,781
752,781
752,780
752,781
747,782
747,782
747,783
747,782
747,783
747,783
755,784
755,784
755,785
755,785
755,784
755,785
775,786
775,787
775,787
775,787
775,786
775,786
757,788
757,789
757,789
757,788
757,788
757,789
760,790
760,790
760,791
760,791
760,791
760,790
753,792
753,793
753,792
753,793
753,792
753,793
763,794
763,795
763,795
763,795
763,794
763,794
772,796
772,797
772,797
772,796
772,797
772,796
768,798
768,798
768,799
768,799
768,799
768,798
771,800
771,801
771,800
771,801
771,801
771,800
754,802
754,803
754,802
754,803
754,802
754,803
766,804
766,805
766,804
766,804
766,805
766,805
764,806
764,807
764,806
764,806
764,807
764,807
767,808
767,808
767,809
767,809
767,809
767,808
749,810
749,811
749,810
749,811
749,811
749,810
748,812
748,812
748,813
748,813
748,812
748,813
759,814
759,814
759,815
759,815
759,814
759,815
773,816
773,817
773,817
773,817
773,816
773,816
758,818
758,819
758,819
758,819
758,818
758,818
762,820
762,820
762,820
762,821
762,821
762,821
770,822
770,823
770,823
770,823
770,822
770,822
751,824
751,824
751,825
751,825
751,825
751,824
756,826
756,826
756,827
756,827
756,826
756,827
774,828
774,829
774,829
774,828
774,828
774,829
765,830
765,831
765,831
765,830
765,831
765,830
750,832
750,833
750,833
750,833
750,832
750,832
769,834
769,835
769,834
769,835
769,834
769,835
2,836
2,837
2,838
2,839
2,840
2,841
2,842
2,843
2,844
2,845
2,846
2,847
2,848
2,849
2,850
2,851
2,852
2,853
2,854
2,855
2,856
2,857
2,858
2,859
2,860
2,861
2,862
2,863
2,864
2,865
2,866
838,867
838,868
838,867
838,868
838,867
838,868
860,869
860,869
860,870
860,870
860,870
860,869
861,871
861,871
861,872
861,872
861,871
861,872
853,873
853,874
853,873
853,874
853,873
853,874
852,875
852,876
852,875
852,875
852,876
852,876
842,877
842,878
842,877
842,877
842,878
842,878
856,879
856,880
856,880
856,880
856,879
856,879
845,881
845,881
845,882
845,882
845,882
845,881
865,883
865,883
865,884
865,884
865,884
865,883
848,885
848,886
848,886
848,885
848,885
848,886
859,887
859,887
859,888
859,888
859,888
859,887
846,889
846,889
846,889
846,890
846,890
846,890
850,891
850,892
850,891
850,892
850,892
850,891
864,893
864,893
864,894
864,893
864,894
864,894
844,895
844,896
844,896
844,895
844,895
844,896
866,897
866,898
866,897
866,898
866,898
866,897
857,899
857,900
857,900
857,900
857,899
857,899
840,901
840,901
840,901
840,902
840,902
840,902
843,903
843,904
843,903
843,903
843,904
843,904
837,905
837,905
837,906
837,906
837,906
837,905
863,907
863,907
863,908
863,908
863,907
863,908
851,909
851,909
851,910
851,910
851,910
851,909
847,911
847,912
847,911
847,912
847,912
847,911
862,913
862,914
862,913
862,913
862,914
862,914
839,915
839,915
839,916
839,916
839,916
839,915
854,917
854,918
854,918
854,917
854,917
854,918
841,919
841,919
841,919
841,920
841,920
841,920
836,921
836,921
836,921
836,922
836,922
836,922
855,923
855,923
855,924
855,924
855,924
855,923
858,925
858,926
858,925
858,926
858,925
858,926
849,927
849,928
849,927
849,928
849,928
849,927
10,929
10,930
10,931
10,932
10,933
10,934
10,935
10,936
10,937
10,938
10,939
10,940
10,941
10,942
10,943
10,944
10,945
10,946
10,947
10,948
10,949
10,950
10,951
10,952
10,953
10,954
10,955
10,956
10,957
10,958
930,959
930,960
930,959
930,960
930,960
930,959
945,961
945,962
945,961
945,961
945,962
945,962
938,963
938,963
938,963
938,964
938,964
938,964
939,965
939,965
939,966
939,966
939,966
939,965
929,967
929,967
929,967
929,968
929,968
929,968
953,969
953,970
953,970
953,970
953,969
953,969
950,971
950,972
950,972
950,971
950,972
950,971
951,973
951,974
951,973
951,974
951,973
951,974
934,975
934,976
934,975
934,975
934,976
934,976
937,977
937,978
937,978
937,978
937,977
937,977
955,979
955,980
955,980
955,979
955,979
955,980
935,981
935,981
935,982
935,981
935,982
935,982
956,983
956,983
956,983
956,984
956,984
956,984
942,985
942,986
942,986
942,985
942,986
942,985
952,987
952,988
952,988
952,987
952,987
952,988
958,989
958,990
958,990
958,989
958,990
958,989
946,991
946,992
946,992
946,992
946,991
946,991
947,993
947,994
947,994
947,993
947,993
947,994
944,995
944,995
944,996
944,995
944,996
944,996
932,997
932,997
932,998
932,998
932,998
932,997
948,999
948,1000
948,1000
948,999
948,1000
948,999
943,1001
943,1001
943,1002
943,1002
943,1001
943,1002
954,1003
954,1004
954,1004
954,1003
954,1003
954,1004
940,1005
940,1005
940,1006
940,1005
940,1006
940,1006
949,1007
949,1008
949,1008
949,1008
949,1007
949,1007
936,1009
936,1009
936,1010
936,1010
936,1009
936,1010
957,1011
957,1011
957,1011
957,1012
957,1012
957,1012
931,1013
931,1013
931,1014
931,1014
931,1014
931,1013
933,1015
933,1016
933,1016
933,1016
933,1015
933,1015
941,1017
941,1018
941,1018
941,1017
941,1018
941,1017
6,1019
6,1020
6,1021
6,1022
6,1023
6,1024
6,1025
6,1026
6,1027
6,1028
6,1029
6,1030
6,1031
6,1032
6,1033
6,1034
6,1035
6,1036
6,1037
6,1038
6,1039
6,1040
6,1041
6,1042
6,1043
6,1044
6,1045
6,1046
6,1047
6,1048
6,1049
1030,1050
1030,1050
1030,1051
1030,1050
1030,1051
1030,1051
1020,1052
1020,1053
1020,1052
1020,1053
1020,1053
1020,1052
1031,1054
1031,1054
1031,1055
1031,1055
1031,1055
1031,1054
1026,1056
1026,1057
1026,1056
1026,1057
1026,1057
1026,1056
1042,1058
1042,1058
1042,1059
1042,1059
1042,1058
1042,1059
1036,1060
1036,1061
1036,1061
1036,1061
1036,1060
1036,1060
1029,1062
1029,1063
1029,1063
1029,1063
1029,1062
1029,1062
1033,1064
1033,1065
1033,1065
1033,1064
1033,1064
1033,1065
1039,1066
1039,1067
1039,1067
1039,1067
1039,1066
1039,1066
1025,1068
1025,1069
1025,1069
1025,1069
1025,1068
1025,1068
1027,1070
1027,1071
1027,1071
1027,1070
1027,1070
1027,1071
1023,1072
1023,1073
1023,1073
1023,1072
1023,1072
1023,1073
1034,1074
1034,1075
1034,1074
1034,1075
1034,1075
1034,1074
1046,1076
1046,1077
1046,1076
1046,1077
1046,1077
1046,1076
1032,1078
1032,1078
1032,1078
1032,1079
1032,1079
1032,1079
1040,1080
1040,1081
1040,1081
1040,1080
1040,1080
1040,1081
1021,1082
1021,1083
1021,1083
1021,1082
1021,1083
1021,1082
1045,1084
1045,1085
1045,1084
1045,1085
1045,1085
1045,1084
1038,1086
1038,1087
1038,1086
1038,1087
1038,1087
1038,1086
1047,1088
1047,1089
1047,1089
1047,1088
1047,1088
1047,1089
1041,1090
1041,1090
1041,1091
1041,1091
1041,1090
1041,1091
1048,1092
1048,1093
1048,1092
1048,1093
1048,1093
1048,1092
1043,1094
1043,1095
1043,1095
1043,1095
1043,1094
1043,1094
1044,1096
1044,1096
1044,1097
1044,1097
1044,1097
1044,1096
1035,1098
1035,1099
1035,1098
1035,1099
1035,1099
1035,1098
1037,1100
1037,1101
1037,1101
1037,1100
1037,1101
1037,1100
1049,1102
1049,1103
1049,1103
1049,1102
1049,1102
1049,1103
1024,1104
1024,1105
1024,1105
1024,1104
1024,1105
1024,1104
1019,1106
1019,1107
1019,1106
1019,1107
1019,1106
1019,1107
1028,1108
1028,1109
1028,1108
1028,1108
1028,1109
1028,1109
1022,1110
1022,1111
1022,1111
1022,1111
1022,1110
1022,1110
